start=1316.579173
gamma=2.000000
saturation=-7.000000
