start=275.100000
ab-loop-a=51.700000
