start=6379.206167
pause=yes
sid=1
ab-loop-a=2406.153750
