start=3596.893300
ab-loop-a=2450.147700
ab-loop-b=2452.016233
